%YAML:1.0
---
CameraExtrinsicMat: !!opencv-matrix
   rows: 4
   cols: 4
   dt: d
   data: [ 1., 0., 0., 0., 0., 1., 0., 0., 0., 0., 1., 0., 0., 0., 0.,
       1. ]
CameraMat: !!opencv-matrix
   rows: 3
   cols: 3
   dt: d
   data: [ 1.5286583397050483e+03, 0., 6.5360251407769999e+02, 0.,
       1.5266199704620026e+03, 4.9628815948498101e+02, 0., 0., 1. ]
DistCoeff: !!opencv-matrix
   rows: 5
   cols: 1
   dt: d
   data: [ -4.2770426061486616e-01, 3.2606605269339312e-01,
       8.8122386673052740e-04, 1.1780170429060966e-04,
       -3.3355770837368176e-01 ]
ImageSize: [1280, 1024]
Reprojection Error: 0.0
DistModel: plumb_bob
