%YAML:1.0
---
CameraExtrinsicMat: !!opencv-matrix
   rows: 4
   cols: 4
   dt: d
   data: [ 1., 0., 0., 0., 0., 1., 0., 0., 0., 0., 1., 0., 0., 0., 0.,
       1. ]
CameraMat: !!opencv-matrix
   rows: 3
   cols: 3
   dt: d
   data: [ 2.5805600487183765e+03, 0., 1.5440641335016348e+03, 0.,
       2.5770114518736345e+03, 1.0317836798034371e+03, 0., 0., 1. ]
DistCoeff: !!opencv-matrix
   rows: 5
   cols: 1
   dt: d
   data: [ -4.2539865790530845e-01, 3.1220628763677905e-01,
       -8.8010991972024475e-04, 8.1888206892655885e-04,
       -1.9174305857505239e-01 ]
ImageSize: [3088, 2064]
Reprojection Error: 0.0
DistModel: plumb_bob
